9.994545760196831135e-12
9.986807445997127285e-12
9.973921123552873184e-12
9.955905239256636586e-12
9.932792264909236862e-12
9.904621706237294046e-12
9.871438588945192152e-12
9.833297466367468276e-12
9.790264121511584564e-12
9.742415424789995671e-12
9.689839530811533054e-12
9.632634999589577033e-12
9.570915661844571341e-12
9.504808027314214103e-12
9.434446094762185150e-12
9.359976780247251744e-12
9.281565260297322328e-12
9.199399941708140127e-12
9.113784231977766857e-12
9.024581833824273257e-12
8.932553723523073934e-12
8.837515644089489989e-12
8.739792557955724702e-12
8.639608698449857711e-12
8.537194383598857909e-12
8.432829298865615620e-12
8.326846234289772683e-12
8.219592989676337864e-12
8.111378403692178019e-12
8.002459275406598245e-12
