1.564097382513738179e-12
1.916008276943890035e-12
1.483130817999411779e-12
1.479617079389918635e-12
9.719317591000930922e-13
9.705514296470113737e-13
9.686649578375240499e-13
9.662930166949534163e-13
9.631016260688019020e-13
9.592962719450721847e-13
9.549004444588327502e-13
9.498099980962443946e-13
9.439162983916862045e-13
9.372733987515841709e-13
9.299067618414868579e-13
9.218179806326314980e-13
9.129862597118433458e-13
9.033783116360708074e-13
8.930406355654112121e-13
8.819720526997381883e-13
