9.999268249186133706e-12
9.999148187999394970e-12
9.998947954222076409e-12
9.998667526069932304e-12
9.998306934138887173e-12
9.997866162306940463e-12
9.997345251094444053e-12
9.996697771454634760e-12
9.996949765882348788e-12
9.994081593666159987e-12
9.994326856325035832e-12
9.995139565572655594e-12
9.991871595744595621e-12
9.991651766476679629e-12
9.990461722076609631e-12
9.989220029887276020e-12
9.987898335251991011e-12
9.986496660080074232e-12
9.985015003932843692e-12
9.983453415400993682e-12
